0.24163029706471
0.241590427106865
0.241132039178247
0.241408032023862
0.241532865243109
0.241436454034505
0.240987747670034
0.240790456838605
0.240748789910345
0.240453966629336
0.240461790491644
0.240541513414357
0.241013190737863
0.241098895336372
0.240750750013342
0.240385634025467
0.240290431978026
0.238847539651708
0.242307744124289
0.244785953544749
0.247206997259474
0.250248451326905
0.252340484254406
0.254162809078145
0.25559457484618
0.257076289624113
0.258722194834516
0.260063539344585
0.259970199136404
0.26081022894503
0.263478420443473
0.266043539116773
0.267990676842069
0.270178470368788
0.271858086247684
0.273288612858257
0.2743247946733
0.275568558119098
0.276533189451419
0.277711558896312
0.279340317601495
0.280312184248047
0.281110689869424
0.281902625266926
0.282293556690482
0.282974209955478
0.283082166636197
0.284080943066172
0.284710084410648
0.28477682100453
0.285181623130565
0.284680572189684
0.284331047036892
0.282467152514276
0.281531623798282
0.279647545903744
0.278565111864089
0.277418091654896
0.277163424109282
0.275151627144646
0.272252089706017
0.271040167848968
0.270263916378511
0.269821778169204
0.269022646762965
0.268811714855899
0.267824621467274
0.267404554328026
0.266595201424256
0.265687184486378
0.265785597172186
0.2655703582103
0.266364669521568
0.266644360186823
0.267213776830937
0.267586203640969
0.267137313161283
0.26726074896673
0.267434880586488
0.267032940521136
0.267080842542204
0.26623464797692
0.263474209583682
0.263015704772933
0.262228727039635
0.261619463932314
0.26065736987316
0.256693833706606
0.250554660789338
0.244884717911306
0.245258444905754
0.245942008846124
0.245763385021976
0.246019339305389
0.24512565128932
0.243294112429959
0.242725371071988
